HDF5 "spanet_ttbar_example_output.h5" {
DATASET "/TARGETS/t1/q1" {
   DATATYPE  H5T_STD_I64LE
   DATASPACE  SIMPLE { ( 10000 ) / ( 10000 ) }
   DATA {
   (0): 1, 0, 1, 0, 4, 1, 1, 1, 1, 0, 2, 0, 2, 1, 2, 0, 2, 0, 1, 3, 0, 2, 2,
   (23): 2, 4, 4, 4, 0, 3, 4, 2, 0, 4, 1, 1, 4, 4, 3, 0, 1, 3, 5, 1, 0, 2, 3,
   (46): 0, 3, 1, 3, 2, 5, 3, 3, 3, 2, 4, 1, 0, 4, 4, 2, 2, 1, 1, 2, 0, 3, 1,
   (69): 1, 0, 3, 2, 1, 5, 3, 6, 2, 5, 0, 0, 0, 3, 2, 0, 4, 0, 2, 1, 1, 0, 1,
   (92): 0, 3, 3, 3, 2, 4, 3, 4, 4, 1, 0, 0, 2, 2, 4, 1, 2, 0, 5, 4, 1, 0, 0,
   (115): 0, 3, 1, 0, 0, 0, 1, 4, 3, 4, 2, 2, 3, 2, 3, 0, 0, 0, 0, 2, 2, 0,
   (137): 1, 1, 2, 1, 2, 2, 1, 4, 3, 3, 2, 3, 0, 1, 3, 1, 1, 0, 0, 2, 2, 4,
   (159): 1, 1, 1, 0, 3, 0, 5, 1, 1, 0, 2, 1, 2, 1, 3, 0, 4, 2, 0, 4, 0, 0,
   (181): 5, 0, 1, 2, 3, 0, 1, 0, 0, 4, 0, 0, 4, 2, 1, 3, 2, 1, 0, 0, 2, 2,
   (203): 3, 4, 0, 2, 2, 4, 1, 0, 2, 1, 2, 1, 1, 1, 2, 3, 4, 3, 0, 4, 3, 4,
   (225): 0, 1, 3, 0, 4, 2, 0, 0, 0, 1, 0, 0, 2, 3, 4, 3, 1, 1, 1, 5, 4, 1,
   (247): 1, 4, 2, 3, 1, 2, 0, 0, 3, 4, 2, 4, 5, 0, 0, 3, 0, 2, 0, 0, 2, 0,
   (269): 4, 0, 1, 4, 1, 1, 1, 0, 1, 4, 3, 0, 0, 1, 2, 1, 0, 0, 3, 5, 3, 1,
   (291): 2, 1, 2, 1, 4, 2, 1, 2, 5, 4, 0, 4, 3, 2, 2, 1, 1, 0, 1, 4, 2, 1,
   (313): 4, 0, 2, 2, 4, 0, 0, 3, 0, 2, 0, 4, 0, 3, 0, 4, 4, 4, 0, 4, 4, 1,
   (335): 1, 3, 4, 1, 2, 3, 2, 1, 1, 1, 4, 3, 0, 0, 4, 0, 0, 0, 1, 2, 1, 0,
   (357): 0, 0, 0, 4, 1, 1, 2, 3, 0, 1, 0, 1, 0, 0, 1, 1, 0, 0, 3, 4, 0, 0,
   (379): 4, 3, 1, 0, 2, 1, 1, 1, 5, 1, 3, 3, 3, 5, 5, 0, 0, 4, 4, 2, 1, 3,
   (401): 0, 0, 1, 0, 3, 0, 0, 1, 0, 4, 0, 0, 4, 1, 0, 1, 0, 0, 0, 1, 0, 3,
   (423): 2, 0, 1, 4, 1, 0, 2, 2, 0, 2, 2, 0, 1, 1, 0, 3, 3, 3, 1, 4, 3, 7,
   (445): 6, 0, 3, 1, 0, 2, 3, 2, 1, 2, 1, 3, 2, 2, 2, 5, 3, 3, 0, 1, 1, 3,
   (467): 2, 5, 1, 0, 0, 3, 5, 0, 3, 3, 2, 0, 1, 3, 4, 1, 1, 1, 3, 1, 1, 4,
   (489): 3, 1, 2, 0, 3, 3, 0, 4, 1, 1, 5, 4, 0, 3, 1, 3, 1, 1, 3, 0, 2, 4,
   (511): 0, 1, 2, 0, 3, 0, 0, 2, 1, 3, 0, 1, 5, 2, 3, 3, 1, 1, 2, 0, 4, 0,
   (533): 1, 1, 3, 4, 4, 1, 4, 4, 4, 3, 3, 2, 2, 2, 4, 0, 0, 2, 2, 2, 2, 3,
   (555): 1, 2, 2, 1, 3, 5, 2, 0, 2, 0, 1, 0, 2, 2, 0, 1, 0, 0, 4, 0, 0, 1,
   (577): 1, 2, 1, 3, 0, 1, 0, 1, 4, 4, 0, 3, 0, 5, 1, 4, 1, 0, 1, 5, 4, 0,
   (599): 1, 1, 2, 1, 0, 2, 4, 0, 1, 2, 2, 0, 0, 2, 4, 5, 2, 1, 2, 4, 0, 1,
   (621): 0, 0, 2, 0, 0, 1, 0, 1, 1, 0, 3, 1, 4, 3, 2, 0, 2, 1, 0, 3, 3, 1,
   (643): 3, 1, 0, 3, 3, 1, 1, 1, 1, 2, 0, 1, 4, 4, 0, 0, 0, 4, 2, 4, 4, 0,
   (665): 4, 1, 0, 1, 3, 3, 0, 0, 3, 3, 2, 0, 1, 0, 2, 2, 1, 1, 2, 3, 0, 0,
   (687): 1, 4, 4, 4, 3, 3, 3, 1, 1, 1, 0, 5, 3, 1, 2, 1, 1, 0, 1, 2, 1, 3,
   (709): 1, 0, 1, 3, 0, 3, 0, 1, 0, 6, 4, 1, 0, 1, 1, 3, 1, 3, 1, 0, 2, 3,
   (731): 1, 0, 0, 2, 2, 4, 1, 1, 0, 4, 4, 3, 0, 4, 1, 5, 2, 0, 2, 2, 0, 3,
   (753): 0, 2, 1, 1, 2, 0, 0, 1, 0, 2, 4, 5, 1, 1, 3, 1, 2, 0, 2, 0, 0, 2,
   (775): 4, 2, 3, 3, 1, 2, 2, 3, 3, 0, 1, 0, 2, 1, 0, 1, 3, 0, 3, 4, 1, 3,
   (797): 0, 1, 3, 1, 3, 3, 5, 2, 4, 2, 2, 2, 3, 1, 1, 1, 0, 4, 3, 2, 1, 3,
   (819): 4, 2, 1, 4, 2, 0, 3, 0, 2, 2, 0, 3, 2, 5, 1, 1, 2, 2, 0, 1, 3, 2,
   (841): 3, 1, 1, 2, 1, 1, 3, 0, 4, 3, 0, 1, 1, 4, 1, 2, 1, 3, 1, 2, 1, 2,
   (863): 1, 1, 1, 1, 0, 1, 3, 1, 0, 3, 0, 4, 0, 4, 0, 0, 4, 0, 0, 1, 1, 3,
   (885): 0, 0, 1, 0, 4, 2, 4, 3, 0, 2, 0, 1, 1, 2, 0, 0, 0, 0, 3, 0, 4, 2,
   (907): 1, 2, 2, 4, 4, 4, 1, 0, 1, 5, 2, 1, 1, 3, 4, 3, 2, 0, 2, 2, 1, 0,
   (929): 1, 3, 0, 3, 3, 2, 1, 5, 0, 0, 0, 2, 4, 2, 3, 2, 2, 0, 1, 0, 1, 0,
   (951): 3, 3, 3, 4, 0, 1, 0, 5, 0, 4, 0, 1, 1, 1, 1, 0, 1, 2, 0, 3, 1, 2,
   (973): 4, 4, 0, 3, 3, 1, 3, 3, 1, 1, 5, 4, 3, 0, 1, 2, 0, 1, 1, 1, 2, 2,
   (995): 2, 0, 1, 0, 3, 1, 1, 2, 1, 0, 2, 1, 1, 0, 2, 0, 0, 0, 3, 1, 0, 2,
   (1017): 3, 3, 0, 0, 3, 3, 3, 4, 1, 0, 0, 3, 3, 3, 1, 2, 3, 1, 0, 1, 1, 3,
   (1039): 1, 1, 3, 0, 3, 1, 2, 2, 2, 3, 0, 4, 1, 2, 3, 2, 3, 4, 4, 2, 2, 0,
   (1061): 1, 0, 0, 0, 2, 1, 4, 4, 3, 1, 3, 3, 3, 3, 1, 1, 2, 5, 2, 0, 4, 2,
   (1083): 2, 2, 0, 3, 3, 3, 0, 0, 2, 1, 0, 0, 2, 1, 1, 1, 1, 0, 1, 2, 1, 2,
   (1105): 1, 0, 4, 0, 2, 2, 0, 0, 2, 2, 0, 2, 0, 1, 0, 4, 1, 3, 2, 2, 0, 0,
   (1127): 1, 2, 4, 0, 0, 0, 0, 2, 2, 0, 1, 0, 3, 4, 2, 0, 3, 1, 5, 0, 4, 2,
   (1149): 3, 0, 4, 1, 2, 2, 2, 2, 3, 0, 0, 2, 1, 1, 0, 1, 2, 1, 4, 0, 2, 1,
   (1171): 3, 1, 1, 4, 0, 2, 0, 0, 3, 2, 0, 1, 3, 2, 2, 0, 1, 2, 1, 3, 1, 1,
   (1193): 2, 2, 0, 4, 0, 4, 2, 2, 1, 0, 0, 1, 4, 3, 4, 2, 0, 1, 1, 2, 2, 0,
   (1215): 1, 5, 1, 0, 3, 2, 3, 1, 1, 0, 2, 6, 1, 4, 0, 1, 2, 1, 3, 0, 2, 0,
   (1237): 0, 3, 2, 3, 0, 1, 0, 1, 4, 1, 5, 0, 0, 1, 0, 3, 3, 2, 1, 2, 2, 2,
   (1259): 5, 2, 1, 0, 1, 0, 1, 3, 3, 1, 3, 0, 3, 0, 1, 4, 0, 3, 1, 4, 3, 2,
   (1281): 2, 3, 0, 0, 2, 1, 1, 3, 5, 1, 1, 2, 0, 0, 0, 1, 0, 2, 3, 1, 0, 4,
   (1303): 0, 1, 2, 3, 4, 1, 0, 2, 0, 2, 4, 0, 0, 3, 1, 1, 2, 4, 0, 4, 3, 3,
   (1325): 4, 4, 2, 1, 3, 2, 2, 2, 0, 0, 2, 0, 1, 2, 1, 1, 0, 3, 1, 3, 3, 1,
   (1347): 2, 0, 4, 2, 0, 3, 3, 3, 2, 2, 0, 4, 2, 2, 2, 4, 2, 5, 1, 0, 0, 1,
   (1369): 3, 2, 1, 2, 0, 0, 3, 4, 0, 5, 2, 4, 1, 0, 0, 2, 0, 0, 0, 2, 4, 1,
   (1391): 4, 2, 1, 2, 1, 1, 0, 1, 0, 4, 2, 4, 0, 2, 2, 2, 1, 2, 1, 5, 3, 1,
   (1413): 4, 0, 0, 1, 2, 2, 4, 0, 0, 1, 3, 1, 2, 0, 3, 3, 0, 4, 4, 2, 0, 1,
   (1435): 4, 1, 1, 1, 0, 1, 2, 2, 2, 1, 2, 1, 0, 0, 0, 0, 0, 4, 2, 1, 0, 2,
   (1457): 1, 0, 4, 2, 1, 3, 1, 0, 2, 3, 1, 1, 1, 2, 0, 4, 1, 1, 1, 2, 4, 0,
   (1479): 3, 0, 3, 3, 4, 2, 4, 3, 2, 1, 4, 0, 0, 1, 4, 3, 4, 0, 3, 1, 1, 2,
   (1501): 4, 1, 2, 0, 1, 1, 0, 0, 3, 0, 1, 0, 1, 0, 1, 1, 2, 2, 1, 3, 1, 0,
   (1523): 0, 2, 2, 3, 2, 1, 1, 3, 0, 0, 2, 0, 0, 4, 2, 0, 0, 0, 2, 0, 2, 4,
   (1545): 1, 2, 2, 2, 1, 1, 0, 1, 0, 3, 0, 2, 1, 3, 0, 0, 0, 0, 2, 1, 3, 4,
   (1567): 3, 0, 1, 1, 1, 5, 2, 1, 1, 1, 1, 0, 3, 1, 0, 1, 2, 0, 2, 0, 1, 1,
   (1589): 3, 0, 0, 2, 2, 4, 0, 1, 0, 3, 0, 0, 3, 4, 5, 2, 5, 3, 2, 1, 0, 1,
   (1611): 1, 0, 0, 1, 4, 0, 2, 1, 0, 1, 2, 3, 0, 2, 0, 3, 2, 1, 0, 0, 4, 3,
   (1633): 0, 0, 1, 2, 3, 0, 1, 1, 2, 0, 0, 0, 1, 4, 1, 3, 1, 4, 2, 1, 3, 1,
   (1655): 4, 2, 1, 0, 1, 0, 1, 3, 2, 0, 2, 1, 5, 2, 1, 1, 2, 1, 0, 3, 4, 1,
   (1677): 1, 4, 2, 0, 4, 2, 3, 0, 2, 2, 1, 2, 0, 0, 1, 3, 2, 3, 3, 3, 2, 4,
   (1699): 2, 1, 4, 5, 5, 2, 2, 2, 0, 3, 3, 1, 4, 0, 1, 0, 3, 1, 1, 4, 1, 2,
   (1721): 0, 0, 0, 2, 2, 1, 0, 0, 3, 0, 3, 4, 4, 2, 2, 3, 3, 1, 2, 0, 4, 0,
   (1743): 1, 3, 4, 2, 3, 4, 5, 3, 1, 4, 1, 1, 2, 3, 0, 0, 4, 1, 4, 1, 1, 3,
   (1765): 0, 3, 2, 3, 3, 4, 0, 0, 3, 4, 5, 4, 3, 4, 3, 0, 0, 4, 5, 1, 2, 2,
   (1787): 2, 1, 4, 3, 1, 0, 0, 0, 1, 1, 3, 3, 1, 0, 0, 2, 0, 2, 0, 0, 0, 3,
   (1809): 4, 1, 0, 2, 1, 1, 2, 3, 1, 2, 2, 2, 0, 1, 3, 1, 2, 2, 0, 0, 1, 2,
   (1831): 5, 2, 0, 2, 0, 4, 0, 2, 3, 6, 1, 4, 2, 2, 2, 3, 0, 3, 3, 1, 3, 2,
   (1853): 3, 1, 1, 1, 1, 0, 2, 1, 0, 2, 2, 0, 3, 2, 1, 2, 1, 3, 2, 4, 1, 1,
   (1875): 0, 1, 0, 2, 1, 1, 1, 1, 4, 0, 0, 1, 3, 0, 3, 4, 2, 4, 0, 3, 0, 0,
   (1897): 4, 2, 3, 8, 3, 1, 3, 2, 2, 2, 0, 2, 3, 3, 4, 1, 0, 3, 0, 1, 3, 0,
   (1919): 0, 1, 0, 2, 0, 0, 2, 0, 0, 3, 2, 3, 3, 1, 2, 5, 0, 2, 1, 0, 0, 1,
   (1941): 4, 0, 2, 0, 4, 2, 2, 0, 3, 3, 4, 4, 6, 1, 3, 0, 0, 2, 0, 2, 2, 3,
   (1963): 2, 4, 1, 1, 1, 0, 3, 1, 4, 3, 1, 2, 1, 0, 0, 0, 0, 1, 2, 3, 4, 4,
   (1985): 3, 1, 0, 1, 0, 0, 4, 0, 3, 1, 3, 3, 2, 1, 4, 3, 1, 0, 2, 0, 1, 0,
   (2007): 1, 5, 4, 2, 0, 3, 3, 0, 3, 0, 0, 2, 1, 1, 0, 1, 1, 3, 0, 1, 1, 0,
   (2029): 1, 2, 0, 1, 2, 2, 3, 0, 2, 0, 2, 4, 0, 1, 0, 3, 3, 2, 1, 2, 2, 0,
   (2051): 3, 1, 2, 4, 3, 0, 2, 1, 2, 1, 1, 2, 5, 1, 3, 5, 2, 0, 1, 4, 1, 0,
   (2073): 1, 2, 2, 0, 0, 4, 1, 2, 1, 1, 6, 2, 2, 2, 2, 0, 2, 0, 1, 1, 1, 0,
   (2095): 1, 2, 5, 0, 0, 0, 1, 1, 1, 0, 3, 2, 0, 1, 0, 3, 1, 3, 3, 2, 0, 1,
   (2117): 4, 1, 0, 3, 1, 2, 1, 1, 0, 2, 1, 2, 0, 0, 4, 4, 3, 0, 1, 2, 1, 1,
   (2139): 1, 4, 2, 3, 2, 1, 0, 2, 4, 4, 0, 1, 3, 2, 0, 1, 1, 0, 3, 1, 3, 1,
   (2161): 4, 0, 4, 3, 2, 1, 1, 4, 0, 2, 1, 3, 0, 4, 0, 2, 4, 3, 1, 2, 2, 3,
   (2183): 0, 3, 3, 2, 2, 0, 3, 3, 3, 4, 5, 4, 2, 1, 2, 0, 2, 2, 0, 1, 1, 4,
   (2205): 1, 3, 1, 0, 2, 3, 3, 2, 3, 1, 0, 1, 3, 0, 0, 2, 3, 3, 4, 1, 2, 2,
   (2227): 0, 3, 0, 3, 1, 1, 2, 2, 1, 2, 2, 1, 3, 1, 1, 2, 1, 1, 3, 1, 1, 2,
   (2249): 5, 5, 0, 1, 0, 1, 1, 0, 2, 1, 1, 3, 6, 0, 3, 3, 0, 1, 2, 2, 1, 4,
   (2271): 1, 3, 1, 1, 2, 2, 2, 1, 0, 0, 3, 3, 2, 0, 1, 0, 4, 0, 3, 1, 5, 2,
   (2293): 3, 0, 2, 1, 0, 1, 0, 2, 0, 1, 2, 0, 5, 4, 2, 2, 0, 1, 1, 1, 3, 0,
   (2315): 0, 1, 3, 1, 3, 1, 2, 2, 1, 3, 1, 4, 3, 5, 2, 0, 3, 1, 1, 1, 0, 2,
   (2337): 3, 2, 2, 4, 1, 0, 2, 0, 2, 0, 0, 1, 0, 4, 5, 1, 2, 2, 2, 2, 4, 0,
   (2359): 1, 0, 1, 3, 0, 1, 0, 0, 4, 2, 0, 1, 2, 1, 0, 0, 1, 2, 3, 0, 0, 1,
   (2381): 4, 4, 2, 3, 4, 0, 0, 2, 3, 4, 3, 1, 1, 1, 1, 3, 1, 1, 4, 3, 0, 2,
   (2403): 1, 2, 1, 2, 2, 0, 0, 3, 0, 3, 0, 2, 1, 5, 0, 2, 4, 4, 2, 2, 0, 4,
   (2425): 0, 0, 2, 1, 3, 3, 1, 2, 1, 3, 4, 0, 1, 1, 2, 2, 0, 3, 2, 3, 2, 1,
   (2447): 3, 2, 1, 2, 3, 3, 2, 1, 3, 1, 4, 1, 0, 3, 0, 3, 0, 0, 1, 1, 0, 0,
   (2469): 2, 5, 2, 4, 4, 0, 3, 0, 0, 1, 3, 1, 3, 5, 4, 4, 2, 4, 0, 3, 1, 3,
   (2491): 2, 1, 1, 1, 3, 1, 4, 2, 0, 1, 1, 0, 3, 4, 2, 1, 1, 0, 2, 0, 3, 1,
   (2513): 2, 3, 0, 1, 3, 2, 0, 0, 1, 1, 4, 2, 0, 0, 4, 1, 1, 0, 2, 0, 3, 1,
   (2535): 6, 1, 4, 4, 6, 0, 4, 0, 0, 0, 2, 0, 2, 0, 1, 1, 4, 4, 0, 0, 2, 4,
   (2557): 3, 0, 1, 1, 0, 2, 0, 0, 2, 1, 0, 1, 1, 2, 0, 1, 1, 0, 2, 0, 4, 1,
   (2579): 1, 2, 2, 1, 4, 2, 1, 1, 1, 2, 1, 0, 4, 1, 5, 3, 0, 3, 0, 3, 4, 1,
   (2601): 0, 4, 2, 2, 1, 0, 0, 0, 1, 0, 3, 3, 1, 4, 1, 4, 0, 0, 3, 2, 2, 0,
   (2623): 2, 0, 2, 2, 3, 4, 1, 1, 2, 3, 2, 4, 5, 4, 2, 0, 0, 4, 2, 0, 3, 3,
   (2645): 2, 0, 1, 0, 0, 0, 1, 5, 0, 0, 2, 0, 2, 0, 1, 1, 1, 2, 4, 1, 1, 5,
   (2667): 3, 1, 4, 1, 4, 5, 1, 2, 2, 1, 2, 1, 1, 5, 2, 2, 0, 4, 2, 0, 4, 0,
   (2689): 2, 2, 1, 1, 1, 3, 2, 2, 0, 0, 1, 1, 0, 2, 2, 2, 2, 3, 1, 3, 2, 4,
   (2711): 1, 2, 0, 0, 1, 3, 2, 1, 2, 1, 3, 1, 2, 0, 2, 2, 0, 4, 0, 1, 2, 0,
   (2733): 3, 1, 2, 0, 1, 0, 3, 0, 3, 3, 0, 3, 2, 2, 4, 0, 0, 2, 2, 2, 0, 0,
   (2755): 4, 2, 0, 4, 3, 1, 3, 1, 1, 0, 2, 0, 3, 0, 0, 1, 1, 2, 1, 4, 4, 1,
   (2777): 0, 3, 0, 2, 3, 1, 1, 0, 2, 1, 1, 3, 1, 2, 0, 5, 1, 1, 1, 3, 2, 0,
   (2799): 2, 2, 1, 1, 4, 2, 1, 1, 0, 1, 0, 4, 1, 6, 0, 3, 1, 4, 2, 1, 0, 2,
   (2821): 1, 4, 1, 0, 4, 4, 3, 4, 4, 2, 0, 0, 0, 4, 1, 4, 4, 1, 0, 2, 0, 1,
   (2843): 4, 2, 1, 1, 0, 2, 0, 3, 0, 1, 1, 2, 1, 0, 1, 1, 2, 2, 4, 2, 0, 3,
   (2865): 4, 0, 4, 3, 0, 2, 4, 3, 4, 1, 5, 1, 1, 3, 0, 0, 5, 1, 2, 1, 2, 1,
   (2887): 1, 1, 4, 4, 2, 0, 3, 2, 0, 0, 4, 4, 2, 2, 3, 2, 0, 0, 3, 1, 2, 0,
   (2909): 0, 0, 2, 3, 1, 0, 2, 0, 1, 3, 2, 2, 2, 0, 5, 1, 1, 0, 0, 0, 0, 1,
   (2931): 3, 1, 2, 1, 0, 0, 0, 3, 2, 0, 2, 0, 2, 0, 2, 0, 0, 2, 0, 1, 0, 2,
   (2953): 2, 0, 3, 3, 3, 1, 2, 4, 4, 0, 3, 2, 3, 1, 2, 0, 0, 1, 4, 3, 6, 1,
   (2975): 0, 4, 0, 2, 0, 0, 2, 3, 2, 2, 0, 2, 1, 3, 0, 0, 0, 5, 2, 0, 2, 0,
   (2997): 0, 0, 1, 1, 0, 2, 1, 0, 3, 1, 0, 2, 2, 4, 1, 4, 5, 2, 2, 0, 2, 1,
   (3019): 0, 1, 2, 3, 2, 5, 0, 0, 1, 3, 1, 0, 0, 1, 4, 3, 0, 2, 0, 1, 2, 4,
   (3041): 3, 5, 3, 2, 1, 0, 1, 1, 2, 0, 0, 3, 1, 3, 2, 0, 0, 0, 1, 4, 0, 0,
   (3063): 3, 3, 5, 2, 1, 0, 0, 3, 1, 1, 3, 1, 2, 2, 0, 5, 0, 3, 3, 4, 3, 3,
   (3085): 0, 4, 3, 3, 5, 3, 5, 1, 1, 3, 1, 4, 0, 0, 0, 4, 4, 4, 3, 0, 1, 3,
   (3107): 2, 0, 0, 2, 0, 3, 2, 2, 0, 1, 1, 2, 0, 1, 3, 0, 1, 3, 3, 3, 5, 2,
   (3129): 4, 1, 3, 0, 3, 0, 2, 4, 0, 0, 2, 0, 1, 4, 3, 1, 3, 3, 0, 0, 2, 1,
   (3151): 3, 0, 4, 4, 2, 3, 4, 2, 2, 2, 0, 1, 2, 4, 1, 0, 4, 2, 1, 3, 2, 0,
   (3173): 0, 1, 0, 1, 0, 2, 1, 1, 4, 1, 1, 0, 3, 0, 2, 1, 0, 3, 0, 1, 1, 2,
   (3195): 4, 4, 1, 0, 3, 0, 1, 0, 1, 2, 1, 4, 2, 0, 3, 1, 2, 4, 0, 1, 1, 2,
   (3217): 1, 2, 1, 0, 2, 3, 0, 0, 1, 3, 0, 0, 2, 1, 0, 2, 0, 0, 2, 1, 0, 2,
   (3239): 4, 2, 3, 2, 2, 1, 2, 4, 5, 4, 1, 3, 3, 2, 0, 4, 4, 0, 4, 4, 1, 5,
   (3261): 2, 3, 4, 0, 2, 0, 2, 1, 1, 1, 2, 1, 2, 2, 5, 0, 0, 4, 2, 4, 1, 2,
   (3283): 0, 0, 2, 5, 3, 1, 2, 0, 1, 1, 3, 0, 0, 2, 1, 1, 3, 2, 0, 0, 2, 0,
   (3305): 2, 0, 2, 2, 0, 1, 3, 2, 0, 0, 4, 2, 0, 4, 3, 5, 1, 0, 2, 1, 5, 2,
   (3327): 3, 3, 1, 1, 4, 0, 1, 1, 0, 3, 1, 4, 2, 1, 0, 3, 3, 0, 4, 1, 4, 1,
   (3349): 3, 1, 4, 3, 4, 0, 1, 3, 1, 0, 0, 3, 3, 2, 0, 1, 2, 0, 0, 4, 0, 1,
   (3371): 0, 1, 2, 2, 0, 1, 2, 1, 0, 2, 0, 0, 1, 1, 0, 0, 3, 1, 5, 0, 2, 4,
   (3393): 1, 0, 1, 4, 0, 0, 4, 2, 2, 2, 1, 1, 1, 3, 2, 1, 0, 1, 0, 1, 1, 0,
   (3415): 0, 3, 3, 4, 3, 2, 0, 1, 0, 1, 0, 1, 2, 1, 1, 1, 2, 2, 1, 0, 0, 3,
   (3437): 2, 1, 0, 2, 1, 1, 0, 1, 1, 2, 3, 0, 3, 1, 0, 3, 0, 3, 1, 2, 0, 0,
   (3459): 3, 0, 0, 3, 3, 0, 1, 1, 1, 3, 3, 0, 1, 1, 2, 1, 2, 1, 3, 0, 2, 3,
   (3481): 0, 3, 2, 1, 0, 4, 1, 1, 2, 0, 3, 3, 0, 0, 0, 2, 1, 5, 0, 0, 0, 1,
   (3503): 1, 0, 0, 2, 5, 0, 3, 4, 3, 4, 3, 0, 0, 1, 5, 2, 1, 1, 2, 1, 3, 2,
   (3525): 0, 0, 1, 2, 3, 3, 0, 3, 2, 5, 2, 0, 2, 2, 1, 0, 3, 2, 3, 1, 1, 0,
   (3547): 2, 1, 3, 2, 2, 0, 0, 4, 0, 3, 3, 1, 0, 1, 2, 0, 0, 0, 2, 1, 1, 3,
   (3569): 1, 0, 3, 3, 3, 0, 2, 2, 1, 3, 1, 1, 0, 0, 0, 2, 2, 1, 2, 2, 1, 5,
   (3591): 4, 1, 1, 1, 3, 0, 2, 3, 2, 1, 1, 3, 1, 1, 1, 1, 0, 0, 3, 1, 3, 2,
   (3613): 2, 1, 2, 0, 2, 1, 3, 1, 1, 5, 1, 3, 3, 2, 0, 1, 0, 1, 2, 5, 0, 0,
   (3635): 2, 2, 3, 3, 0, 4, 2, 0, 0, 0, 0, 0, 0, 1, 0, 1, 0, 2, 4, 1, 2, 4,
   (3657): 3, 1, 0, 3, 1, 3, 2, 2, 0, 0, 4, 2, 3, 1, 1, 4, 0, 1, 2, 0, 2, 2,
   (3679): 0, 0, 0, 1, 3, 0, 1, 3, 1, 1, 2, 4, 0, 0, 2, 2, 0, 1, 3, 1, 1, 2,
   (3701): 1, 1, 0, 0, 0, 1, 0, 0, 0, 1, 0, 1, 0, 0, 4, 0, 1, 3, 3, 1, 1, 3,
   (3723): 1, 0, 2, 2, 5, 0, 0, 4, 1, 3, 1, 0, 1, 3, 3, 1, 4, 1, 4, 2, 2, 1,
   (3745): 2, 1, 2, 0, 1, 3, 0, 3, 0, 5, 1, 0, 1, 4, 1, 2, 1, 1, 1, 0, 3, 0,
   (3767): 0, 0, 3, 0, 0, 4, 2, 1, 1, 1, 0, 1, 0, 2, 1, 1, 2, 0, 3, 2, 3, 4,
   (3789): 2, 2, 1, 0, 2, 3, 2, 1, 3, 3, 1, 3, 3, 0, 2, 1, 0, 2, 3, 1, 2, 5,
   (3811): 2, 1, 2, 2, 0, 0, 1, 4, 3, 4, 1, 3, 4, 0, 2, 2, 2, 0, 3, 4, 0, 4,
   (3833): 3, 0, 3, 1, 0, 4, 1, 1, 0, 2, 2, 0, 1, 1, 2, 3, 0, 2, 2, 4, 0, 4,
   (3855): 3, 1, 3, 1, 2, 2, 2, 0, 2, 1, 2, 1, 0, 0, 4, 4, 3, 3, 2, 2, 0, 2,
   (3877): 3, 1, 0, 4, 1, 2, 5, 1, 0, 3, 2, 0, 2, 1, 1, 1, 0, 1, 0, 3, 4, 2,
   (3899): 4, 3, 2, 0, 3, 2, 1, 0, 0, 2, 1, 1, 4, 0, 1, 0, 2, 2, 4, 0, 1, 1,
   (3921): 1, 1, 4, 4, 0, 4, 3, 1, 1, 3, 0, 0, 0, 1, 5, 3, 0, 0, 1, 1, 0, 1,
   (3943): 1, 2, 4, 0, 1, 2, 3, 1, 2, 1, 1, 4, 0, 0, 0, 3, 2, 3, 1, 1, 2, 2,
   (3965): 0, 3, 0, 0, 1, 0, 2, 2, 2, 2, 0, 2, 1, 0, 0, 1, 0, 2, 1, 0, 0, 1,
   (3987): 4, 0, 1, 0, 1, 0, 1, 3, 0, 0, 4, 3, 2, 0, 4, 1, 3, 2, 3, 4, 3, 2,
   (4009): 2, 0, 3, 3, 2, 4, 0, 0, 0, 2, 0, 4, 0, 5, 2, 0, 1, 1, 0, 0, 3, 1,
   (4031): 0, 1, 0, 2, 0, 2, 0, 0, 0, 3, 0, 0, 2, 3, 0, 2, 2, 0, 2, 2, 1, 0,
   (4053): 1, 0, 2, 2, 0, 3, 2, 0, 1, 3, 3, 2, 0, 2, 3, 2, 4, 3, 1, 0, 2, 0,
   (4075): 1, 3, 1, 2, 0, 2, 1, 0, 2, 5, 4, 3, 0, 1, 1, 4, 4, 0, 2, 0, 3, 0,
   (4097): 2, 0, 1, 1, 1, 2, 3, 2, 1, 3, 0, 1, 2, 0, 2, 0, 1, 0, 3, 1, 1, 3,
   (4119): 1, 1, 4, 2, 4, 3, 0, 0, 2, 1, 0, 1, 3, 0, 2, 1, 1, 0, 1, 2, 1, 1,
   (4141): 0, 4, 2, 3, 0, 1, 2, 5, 1, 3, 4, 0, 4, 3, 2, 1, 1, 1, 2, 0, 3, 1,
   (4163): 2, 0, 2, 1, 1, 3, 0, 1, 1, 3, 3, 2, 1, 3, 2, 2, 1, 3, 4, 6, 2, 4,
   (4185): 0, 0, 3, 1, 0, 3, 0, 0, 0, 1, 5, 2, 1, 2, 4, 2, 2, 2, 3, 3, 2, 4,
   (4207): 1, 1, 4, 0, 1, 2, 0, 3, 3, 2, 0, 3, 0, 1, 2, 2, 2, 0, 4, 2, 0, 0,
   (4229): 0, 3, 1, 4, 2, 2, 2, 3, 3, 0, 3, 3, 4, 1, 1, 2, 0, 4, 1, 0, 1, 2,
   (4251): 3, 4, 4, 0, 3, 1, 3, 4, 2, 1, 1, 1, 3, 1, 0, 2, 3, 2, 0, 5, 4, 0,
   (4273): 2, 0, 0, 3, 1, 0, 1, 1, 4, 2, 5, 2, 3, 2, 1, 4, 3, 4, 1, 3, 5, 1,
   (4295): 2, 1, 0, 0, 2, 5, 0, 3, 3, 1, 2, 0, 0, 0, 0, 2, 1, 3, 2, 2, 1, 3,
   (4317): 2, 4, 4, 3, 5, 3, 0, 2, 0, 2, 3, 2, 3, 2, 2, 1, 3, 4, 2, 2, 4, 1,
   (4339): 4, 3, 0, 2, 2, 1, 2, 4, 0, 1, 2, 1, 3, 0, 2, 3, 0, 0, 3, 3, 2, 0,
   (4361): 4, 3, 1, 1, 3, 2, 3, 0, 3, 0, 2, 1, 1, 0, 0, 0, 1, 3, 2, 2, 3, 1,
   (4383): 2, 4, 1, 0, 2, 1, 1, 1, 1, 0, 4, 0, 1, 0, 4, 1, 1, 1, 0, 0, 0, 0,
   (4405): 5, 0, 3, 3, 2, 4, 4, 1, 0, 3, 2, 0, 0, 3, 3, 0, 0, 3, 0, 3, 3, 1,
   (4427): 2, 2, 0, 0, 2, 3, 1, 2, 0, 1, 2, 1, 0, 0, 4, 1, 1, 2, 4, 1, 3, 1,
   (4449): 1, 3, 0, 2, 3, 3, 1, 6, 2, 4, 2, 2, 1, 0, 4, 0, 0, 2, 1, 3, 5, 2,
   (4471): 4, 3, 4, 1, 1, 1, 4, 0, 2, 2, 4, 1, 4, 2, 0, 0, 2, 2, 2, 2, 1, 3,
   (4493): 0, 4, 1, 0, 1, 1, 3, 1, 2, 4, 0, 1, 1, 4, 3, 0, 1, 1, 0, 1, 2, 2,
   (4515): 0, 0, 0, 1, 1, 5, 4, 2, 0, 1, 0, 4, 0, 4, 1, 0, 0, 0, 3, 0, 0, 1,
   (4537): 2, 1, 2, 1, 3, 0, 3, 1, 3, 0, 2, 2, 1, 4, 1, 0, 2, 2, 1, 0, 1, 1,
   (4559): 2, 2, 2, 2, 0, 4, 4, 0, 1, 1, 4, 0, 5, 0, 2, 2, 2, 2, 1, 0, 0, 3,
   (4581): 1, 0, 0, 3, 3, 0, 3, 0, 0, 1, 0, 3, 1, 0, 5, 1, 0, 1, 1, 1, 7, 2,
   (4603): 0, 0, 2, 5, 2, 0, 4, 3, 0, 1, 1, 4, 3, 0, 1, 1, 1, 1, 1, 0, 2, 0,
   (4625): 4, 3, 2, 0, 0, 1, 3, 3, 2, 1, 2, 2, 0, 2, 0, 1, 4, 3, 0, 0, 0, 1,
   (4647): 2, 3, 1, 3, 4, 2, 1, 4, 1, 0, 4, 0, 1, 2, 0, 3, 0, 0, 0, 2, 0, 2,
   (4669): 3, 1, 2, 4, 3, 1, 2, 3, 1, 3, 1, 2, 1, 4, 0, 4, 0, 1, 4, 0, 1, 4,
   (4691): 3, 2, 1, 0, 3, 2, 0, 0, 0, 0, 4, 2, 1, 1, 0, 1, 3, 0, 1, 3, 2, 3,
   (4713): 3, 0, 0, 3, 4, 1, 3, 2, 4, 3, 4, 0, 3, 1, 1, 0, 3, 2, 0, 2, 0, 0,
   (4735): 5, 2, 1, 0, 1, 2, 4, 0, 1, 0, 3, 1, 1, 4, 1, 0, 4, 4, 1, 0, 3, 3,
   (4757): 4, 0, 0, 1, 5, 0, 3, 1, 0, 0, 4, 0, 0, 1, 3, 1, 4, 4, 3, 0, 0, 4,
   (4779): 2, 4, 3, 3, 0, 1, 1, 3, 6, 1, 2, 3, 0, 3, 0, 0, 1, 5, 5, 2, 4, 0,
   (4801): 3, 3, 4, 4, 4, 0, 1, 2, 3, 5, 1, 3, 2, 1, 4, 2, 1, 1, 4, 2, 2, 0,
   (4823): 3, 4, 3, 4, 0, 0, 1, 1, 1, 0, 1, 2, 0, 0, 1, 2, 2, 2, 0, 1, 1, 2,
   (4845): 5, 0, 2, 1, 1, 2, 0, 0, 5, 3, 1, 4, 0, 2, 0, 1, 4, 3, 3, 1, 1, 3,
   (4867): 1, 3, 3, 1, 3, 1, 4, 1, 4, 1, 0, 0, 0, 2, 0, 4, 0, 1, 2, 0, 0, 0,
   (4889): 1, 4, 2, 1, 1, 2, 3, 0, 5, 0, 1, 3, 3, 0, 1, 2, 0, 1, 3, 0, 1, 6,
   (4911): 3, 5, 1, 1, 0, 2, 2, 2, 2, 4, 0, 0, 3, 1, 2, 2, 3, 3, 2, 3, 0, 2,
   (4933): 2, 2, 1, 1, 3, 3, 4, 2, 1, 2, 4, 3, 0, 2, 1, 4, 3, 0, 2, 2, 0, 4,
   (4955): 1, 2, 2, 2, 0, 4, 0, 1, 2, 3, 2, 1, 3, 0, 2, 2, 1, 5, 1, 0, 3, 4,
   (4977): 0, 6, 4, 2, 3, 2, 3, 4, 2, 3, 0, 3, 3, 3, 3, 0, 1, 2, 3, 1, 4, 1,
   (4999): 3, 0, 2, 3, 3, 2, 0, 3, 2, 3, 2, 1, 2, 2, 0, 1, 3, 1, 2, 1, 0, 3,
   (5021): 2, 1, 1, 0, 3, 3, 2, 2, 1, 1, 0, 1, 2, 0, 0, 2, 0, 1, 0, 0, 1, 3,
   (5043): 3, 0, 1, 4, 1, 1, 4, 2, 4, 1, 1, 1, 2, 1, 0, 3, 1, 1, 3, 3, 3, 4,
   (5065): 0, 5, 0, 0, 2, 0, 0, 0, 1, 3, 3, 0, 2, 4, 0, 2, 4, 2, 0, 5, 0, 1,
   (5087): 3, 2, 1, 1, 3, 1, 3, 0, 3, 2, 3, 0, 1, 4, 3, 2, 0, 3, 0, 2, 0, 2,
   (5109): 0, 0, 0, 3, 3, 4, 5, 1, 0, 4, 1, 2, 0, 1, 2, 0, 0, 2, 1, 0, 0, 4,
   (5131): 1, 3, 1, 2, 0, 1, 1, 4, 1, 2, 4, 2, 0, 2, 3, 2, 0, 0, 2, 4, 0, 0,
   (5153): 0, 0, 0, 3, 3, 0, 4, 2, 3, 1, 0, 0, 0, 5, 3, 0, 1, 2, 0, 2, 1, 2,
   (5175): 1, 3, 0, 1, 4, 2, 1, 0, 2, 0, 0, 0, 2, 2, 1, 0, 2, 1, 1, 2, 0, 1,
   (5197): 2, 2, 3, 0, 0, 2, 2, 1, 3, 1, 0, 1, 1, 2, 0, 3, 1, 2, 2, 4, 1, 3,
   (5219): 2, 2, 1, 3, 0, 0, 0, 0, 1, 2, 3, 1, 4, 0, 2, 0, 3, 3, 3, 1, 1, 1,
   (5241): 4, 0, 0, 2, 1, 1, 0, 3, 1, 3, 1, 1, 3, 1, 2, 1, 4, 0, 1, 4, 0, 1,
   (5263): 1, 1, 2, 2, 3, 1, 3, 2, 5, 3, 3, 2, 2, 2, 0, 1, 0, 0, 1, 5, 4, 3,
   (5285): 4, 0, 1, 2, 3, 2, 1, 1, 3, 3, 0, 3, 2, 4, 3, 1, 3, 1, 1, 4, 3, 0,
   (5307): 0, 4, 0, 4, 0, 2, 0, 3, 3, 0, 3, 0, 0, 0, 2, 3, 0, 1, 4, 4, 1, 3,
   (5329): 2, 0, 3, 2, 3, 5, 0, 3, 1, 2, 4, 2, 0, 2, 1, 3, 4, 0, 1, 0, 1, 1,
   (5351): 1, 0, 0, 5, 1, 2, 2, 0, 1, 1, 1, 1, 1, 0, 1, 0, 3, 4, 4, 3, 1, 1,
   (5373): 3, 2, 2, 1, 4, 1, 2, 2, 5, 1, 1, 3, 3, 6, 0, 0, 0, 2, 0, 4, 0, 0,
   (5395): 1, 1, 0, 4, 0, 1, 0, 1, 1, 2, 3, 1, 5, 0, 0, 2, 0, 1, 4, 0, 2, 2,
   (5417): 3, 2, 4, 3, 2, 4, 2, 1, 4, 1, 1, 2, 1, 2, 1, 5, 3, 1, 1, 0, 1, 0,
   (5439): 1, 4, 2, 1, 0, 3, 1, 4, 4, 0, 0, 3, 3, 0, 0, 2, 0, 2, 1, 1, 3, 0,
   (5461): 1, 0, 4, 1, 1, 1, 0, 2, 4, 2, 2, 1, 2, 0, 1, 1, 0, 1, 0, 0, 0, 4,
   (5483): 4, 1, 2, 2, 3, 1, 4, 0, 2, 3, 0, 4, 2, 1, 2, 1, 2, 0, 3, 0, 3, 2,
   (5505): 1, 3, 1, 1, 3, 2, 1, 2, 1, 1, 1, 2, 5, 4, 0, 0, 3, 0, 1, 3, 4, 0,
   (5527): 0, 4, 0, 1, 0, 0, 3, 3, 1, 2, 2, 3, 3, 4, 4, 1, 3, 0, 0, 0, 1, 0,
   (5549): 1, 5, 2, 3, 1, 0, 4, 4, 2, 1, 0, 5, 0, 2, 0, 3, 3, 3, 2, 4, 0, 2,
   (5571): 0, 4, 3, 0, 1, 3, 0, 1, 2, 0, 1, 4, 1, 2, 2, 0, 2, 5, 0, 0, 0, 1,
   (5593): 0, 4, 1, 3, 1, 0, 1, 2, 2, 3, 0, 2, 3, 1, 0, 1, 4, 3, 3, 0, 0, 5,
   (5615): 3, 1, 0, 3, 4, 4, 1, 1, 4, 1, 2, 1, 4, 5, 1, 1, 3, 0, 1, 0, 2, 3,
   (5637): 0, 1, 2, 0, 1, 1, 3, 0, 2, 2, 1, 0, 0, 3, 3, 2, 0, 0, 4, 3, 0, 2,
   (5659): 2, 2, 1, 0, 2, 6, 4, 0, 1, 3, 1, 3, 1, 1, 1, 3, 1, 0, 4, 4, 3, 0,
   (5681): 3, 1, 1, 4, 1, 4, 2, 3, 0, 3, 2, 5, 3, 3, 1, 4, 0, 1, 1, 3, 0, 0,
   (5703): 1, 3, 3, 3, 0, 3, 2, 1, 1, 4, 1, 0, 3, 2, 3, 0, 0, 2, 1, 3, 3, 3,
   (5725): 1, 2, 2, 1, 0, 2, 2, 0, 4, 2, 1, 0, 2, 3, 5, 2, 1, 0, 4, 3, 1, 2,
   (5747): 0, 0, 0, 2, 3, 3, 4, 4, 0, 2, 4, 4, 0, 1, 2, 3, 0, 0, 1, 0, 1, 5,
   (5769): 0, 3, 1, 0, 0, 2, 1, 2, 4, 5, 5, 2, 0, 0, 5, 2, 1, 2, 2, 1, 1, 0,
   (5791): 4, 1, 1, 2, 1, 5, 4, 4, 1, 1, 3, 1, 1, 0, 0, 0, 1, 0, 2, 2, 1, 1,
   (5813): 2, 5, 0, 1, 1, 2, 1, 0, 2, 0, 0, 0, 1, 2, 0, 0, 5, 0, 1, 4, 1, 4,
   (5835): 5, 2, 1, 0, 1, 1, 1, 3, 3, 5, 1, 1, 2, 1, 1, 4, 0, 5, 3, 2, 0, 4,
   (5857): 0, 0, 1, 4, 1, 2, 2, 4, 0, 0, 0, 2, 2, 3, 2, 2, 0, 3, 6, 4, 1, 4,
   (5879): 0, 1, 3, 2, 1, 1, 4, 0, 2, 3, 2, 1, 1, 2, 1, 0, 2, 4, 1, 2, 0, 3,
   (5901): 0, 4, 1, 1, 0, 4, 1, 1, 4, 4, 3, 1, 2, 1, 0, 0, 0, 2, 2, 3, 6, 1,
   (5923): 5, 5, 1, 1, 1, 0, 1, 0, 1, 5, 1, 1, 3, 0, 0, 1, 1, 0, 1, 1, 3, 0,
   (5945): 2, 0, 4, 1, 0, 3, 0, 2, 1, 2, 1, 1, 2, 0, 0, 1, 1, 4, 2, 2, 1, 2,
   (5967): 0, 1, 1, 4, 0, 0, 3, 0, 0, 0, 3, 0, 1, 1, 1, 0, 4, 1, 0, 0, 4, 2,
   (5989): 0, 2, 4, 2, 2, 2, 1, 1, 0, 1, 0, 1, 0, 4, 4, 1, 5, 1, 4, 2, 0, 1,
   (6011): 1, 1, 0, 4, 1, 4, 3, 4, 5, 0, 2, 4, 1, 4, 4, 0, 2, 0, 0, 1, 0, 2,
   (6033): 1, 1, 1, 3, 2, 2, 0, 3, 1, 3, 4, 2, 3, 2, 3, 2, 2, 4, 4, 1, 0, 0,
   (6055): 5, 1, 3, 0, 1, 2, 0, 3, 1, 0, 1, 0, 1, 0, 2, 1, 0, 3, 1, 2, 2, 5,
   (6077): 1, 1, 3, 2, 3, 1, 4, 1, 1, 4, 3, 1, 0, 1, 1, 2, 0, 3, 1, 4, 0, 4,
   (6099): 2, 0, 3, 0, 0, 3, 2, 3, 2, 2, 1, 2, 2, 2, 1, 4, 3, 0, 1, 1, 1, 1,
   (6121): 3, 0, 0, 2, 0, 0, 2, 2, 3, 3, 1, 3, 0, 2, 4, 2, 2, 1, 5, 3, 0, 0,
   (6143): 5, 5, 2, 4, 1, 5, 0, 4, 0, 4, 1, 1, 4, 1, 4, 1, 4, 0, 4, 2, 1, 3,
   (6165): 2, 0, 0, 0, 3, 0, 1, 2, 3, 4, 3, 3, 0, 4, 2, 0, 3, 2, 3, 3, 0, 2,
   (6187): 4, 0, 1, 0, 3, 1, 2, 1, 1, 4, 0, 4, 0, 1, 1, 5, 1, 3, 1, 2, 3, 2,
   (6209): 0, 2, 0, 3, 5, 2, 1, 0, 2, 0, 1, 0, 0, 2, 0, 0, 1, 1, 3, 2, 3, 3,
   (6231): 3, 0, 1, 2, 4, 1, 4, 1, 2, 3, 0, 1, 3, 0, 3, 2, 2, 3, 1, 2, 2, 2,
   (6253): 2, 2, 5, 1, 2, 1, 0, 2, 3, 0, 0, 2, 1, 0, 3, 1, 0, 0, 2, 1, 1, 0,
   (6275): 5, 3, 0, 0, 0, 1, 1, 2, 4, 1, 0, 0, 3, 0, 0, 1, 4, 1, 2, 2, 1, 1,
   (6297): 0, 1, 0, 0, 0, 0, 2, 0, 0, 2, 1, 3, 0, 0, 0, 1, 0, 3, 1, 1, 2, 1,
   (6319): 1, 3, 5, 0, 0, 1, 2, 3, 2, 2, 0, 1, 3, 2, 2, 4, 2, 4, 1, 4, 0, 2,
   (6341): 1, 5, 5, 1, 1, 1, 0, 0, 0, 2, 5, 2, 2, 2, 0, 1, 5, 1, 1, 3, 0, 1,
   (6363): 0, 3, 0, 3, 1, 0, 3, 1, 0, 4, 4, 1, 2, 1, 1, 3, 4, 3, 5, 0, 0, 0,
   (6385): 4, 1, 0, 0, 2, 1, 0, 1, 2, 6, 2, 3, 4, 0, 0, 4, 0, 1, 2, 4, 0, 1,
   (6407): 0, 2, 2, 3, 0, 4, 3, 0, 1, 5, 0, 0, 0, 2, 0, 1, 2, 2, 3, 1, 4, 0,
   (6429): 1, 4, 5, 1, 0, 3, 1, 0, 3, 2, 0, 3, 1, 2, 2, 0, 0, 3, 2, 0, 1, 3,
   (6451): 0, 2, 4, 2, 1, 0, 0, 0, 2, 2, 3, 1, 1, 0, 3, 0, 2, 0, 3, 5, 2, 3,
   (6473): 1, 2, 6, 2, 1, 0, 2, 5, 0, 4, 2, 0, 2, 3, 3, 3, 0, 3, 4, 3, 4, 0,
   (6495): 0, 0, 1, 1, 0, 1, 1, 1, 4, 3, 1, 3, 2, 1, 1, 3, 3, 3, 1, 1, 2, 5,
   (6517): 0, 2, 4, 0, 4, 1, 4, 3, 3, 3, 2, 0, 3, 2, 0, 3, 3, 1, 3, 3, 2, 1,
   (6539): 2, 0, 0, 4, 0, 3, 1, 2, 0, 1, 1, 2, 0, 3, 2, 1, 0, 2, 0, 1, 4, 4,
   (6561): 4, 0, 4, 3, 0, 0, 0, 0, 0, 0, 1, 3, 1, 2, 2, 1, 0, 4, 2, 4, 2, 2,
   (6583): 0, 7, 0, 2, 0, 2, 2, 0, 4, 1, 4, 0, 1, 1, 2, 1, 2, 0, 4, 0, 1, 1,
   (6605): 1, 1, 3, 0, 3, 0, 1, 3, 2, 2, 1, 1, 4, 0, 4, 1, 1, 2, 2, 2, 0, 0,
   (6627): 2, 2, 3, 1, 1, 0, 2, 0, 3, 4, 0, 1, 0, 0, 3, 2, 3, 0, 1, 2, 4, 2,
   (6649): 1, 0, 2, 3, 2, 3, 1, 1, 3, 3, 2, 2, 0, 3, 2, 1, 4, 2, 4, 5, 1, 2,
   (6671): 1, 0, 4, 3, 4, 4, 4, 2, 2, 2, 0, 3, 2, 3, 1, 0, 5, 0, 0, 1, 3, 0,
   (6693): 3, 3, 0, 1, 3, 3, 4, 3, 0, 2, 3, 3, 4, 0, 2, 5, 1, 0, 0, 5, 1, 0,
   (6715): 1, 1, 0, 3, 0, 0, 2, 4, 0, 0, 2, 1, 0, 4, 0, 3, 0, 2, 1, 1, 3, 0,
   (6737): 2, 0, 4, 4, 3, 2, 0, 2, 1, 1, 2, 1, 1, 6, 0, 1, 0, 1, 4, 0, 0, 5,
   (6759): 1, 0, 2, 2, 1, 3, 1, 0, 2, 1, 1, 0, 4, 1, 3, 2, 1, 4, 1, 1, 2, 4,
   (6781): 2, 1, 4, 3, 3, 2, 0, 0, 1, 1, 1, 3, 3, 1, 3, 0, 2, 2, 4, 3, 0, 2,
   (6803): 3, 3, 1, 0, 0, 3, 4, 0, 2, 3, 0, 1, 1, 0, 1, 1, 3, 3, 1, 1, 1, 3,
   (6825): 0, 3, 1, 2, 1, 1, 3, 4, 2, 1, 3, 1, 0, 0, 1, 3, 2, 4, 3, 3, 3, 0,
   (6847): 1, 3, 4, 3, 2, 2, 2, 3, 2, 0, 3, 2, 2, 2, 4, 0, 4, 0, 3, 1, 0, 4,
   (6869): 2, 0, 1, 5, 0, 2, 0, 4, 2, 1, 0, 3, 2, 3, 1, 2, 0, 2, 1, 1, 1, 3,
   (6891): 0, 0, 0, 2, 2, 2, 5, 3, 1, 2, 0, 2, 1, 2, 0, 1, 2, 1, 3, 3, 0, 3,
   (6913): 0, 0, 4, 2, 4, 2, 0, 0, 2, 0, 0, 3, 2, 2, 1, 0, 0, 0, 5, 6, 4, 2,
   (6935): 3, 2, 2, 3, 2, 0, 3, 4, 2, 1, 2, 2, 3, 1, 3, 2, 1, 1, 3, 1, 2, 3,
   (6957): 2, 0, 0, 0, 2, 4, 0, 3, 1, 3, 4, 0, 3, 1, 1, 2, 1, 0, 0, 0, 1, 2,
   (6979): 4, 0, 2, 3, 2, 1, 4, 1, 4, 6, 1, 1, 0, 0, 0, 0, 1, 0, 0, 0, 2, 1,
   (7001): 2, 3, 4, 3, 1, 3, 3, 1, 0, 0, 0, 0, 0, 1, 1, 1, 3, 1, 4, 2, 3, 2,
   (7023): 2, 3, 0, 1, 1, 0, 1, 1, 2, 2, 2, 0, 1, 2, 3, 1, 2, 3, 1, 0, 1, 5,
   (7045): 1, 1, 1, 4, 4, 2, 1, 0, 1, 1, 2, 0, 0, 4, 1, 5, 2, 1, 2, 0, 2, 4,
   (7067): 4, 0, 4, 3, 3, 0, 2, 2, 0, 0, 2, 4, 0, 0, 2, 1, 4, 2, 5, 3, 3, 0,
   (7089): 0, 5, 2, 2, 1, 0, 0, 2, 2, 0, 0, 3, 0, 3, 0, 0, 0, 1, 3, 4, 2, 4,
   (7111): 3, 2, 0, 3, 1, 0, 2, 0, 0, 1, 4, 5, 0, 2, 1, 0, 3, 4, 0, 4, 2, 1,
   (7133): 0, 3, 3, 3, 1, 1, 0, 3, 3, 1, 4, 2, 3, 3, 3, 2, 3, 0, 2, 2, 0, 3,
   (7155): 2, 4, 1, 3, 3, 0, 3, 2, 1, 2, 1, 5, 4, 4, 2, 3, 0, 2, 1, 1, 4, 0,
   (7177): 1, 1, 2, 1, 0, 3, 0, 1, 3, 3, 0, 1, 2, 2, 3, 0, 1, 1, 0, 1, 3, 3,
   (7199): 3, 0, 2, 0, 3, 2, 1, 0, 4, 4, 0, 2, 4, 0, 4, 1, 1, 2, 0, 1, 0, 0,
   (7221): 5, 2, 4, 1, 0, 1, 1, 3, 3, 3, 3, 1, 1, 3, 1, 4, 4, 3, 0, 1, 0, 3,
   (7243): 1, 1, 3, 1, 2, 2, 0, 4, 2, 4, 4, 0, 2, 4, 1, 1, 1, 2, 2, 0, 1, 0,
   (7265): 2, 2, 1, 3, 3, 3, 4, 3, 1, 2, 0, 0, 5, 0, 4, 0, 0, 1, 3, 0, 3, 0,
   (7287): 3, 1, 1, 2, 4, 0, 0, 1, 2, 3, 1, 1, 0, 1, 0, 4, 3, 1, 0, 5, 0, 3,
   (7309): 0, 1, 0, 4, 0, 1, 3, 3, 3, 1, 1, 2, 1, 0, 0, 0, 1, 0, 0, 2, 0, 1,
   (7331): 1, 2, 0, 2, 4, 3, 0, 1, 4, 3, 3, 0, 2, 1, 1, 0, 3, 2, 1, 2, 4, 3,
   (7353): 2, 2, 0, 0, 3, 0, 2, 1, 2, 0, 0, 2, 0, 0, 3, 3, 1, 0, 2, 1, 1, 2,
   (7375): 0, 1, 0, 3, 4, 1, 1, 1, 3, 2, 3, 0, 0, 2, 3, 3, 3, 3, 3, 1, 0, 2,
   (7397): 4, 3, 3, 0, 2, 2, 0, 0, 0, 2, 2, 2, 0, 2, 1, 0, 6, 2, 3, 3, 0, 1,
   (7419): 1, 1, 1, 1, 0, 1, 2, 0, 2, 1, 1, 1, 0, 2, 0, 1, 2, 0, 1, 0, 3, 0,
   (7441): 2, 0, 0, 2, 0, 0, 0, 3, 3, 3, 3, 1, 1, 2, 2, 1, 1, 3, 0, 1, 4, 0,
   (7463): 0, 1, 2, 2, 0, 4, 1, 1, 4, 1, 3, 0, 1, 1, 1, 1, 2, 2, 0, 4, 0, 1,
   (7485): 3, 1, 0, 2, 3, 1, 3, 0, 0, 5, 3, 2, 4, 1, 1, 0, 0, 0, 3, 2, 2, 3,
   (7507): 6, 1, 1, 0, 0, 1, 4, 2, 0, 1, 0, 3, 2, 2, 2, 2, 0, 1, 0, 3, 0, 3,
   (7529): 0, 0, 2, 5, 3, 3, 2, 1, 0, 1, 4, 0, 1, 0, 1, 4, 2, 2, 0, 4, 0, 0,
   (7551): 2, 2, 0, 2, 1, 4, 2, 0, 1, 2, 0, 4, 2, 3, 3, 1, 4, 1, 0, 2, 1, 0,
   (7573): 2, 1, 3, 3, 2, 0, 2, 2, 3, 3, 2, 1, 1, 2, 0, 2, 2, 0, 1, 0, 2, 4,
   (7595): 1, 3, 2, 2, 1, 4, 2, 2, 2, 2, 1, 4, 2, 1, 2, 1, 3, 4, 3, 5, 2, 1,
   (7617): 3, 0, 2, 2, 2, 3, 3, 4, 4, 3, 3, 2, 0, 2, 1, 1, 1, 2, 1, 1, 0, 1,
   (7639): 0, 2, 1, 4, 0, 2, 0, 4, 1, 0, 2, 1, 1, 4, 2, 2, 1, 5, 3, 0, 2, 1,
   (7661): 0, 0, 1, 2, 2, 1, 3, 0, 3, 2, 0, 1, 4, 4, 0, 2, 2, 0, 3, 1, 3, 2,
   (7683): 1, 2, 2, 1, 0, 0, 0, 1, 0, 0, 0, 1, 0, 1, 3, 0, 2, 2, 0, 1, 1, 1,
   (7705): 0, 0, 4, 0, 1, 1, 1, 1, 0, 1, 0, 0, 0, 0, 6, 0, 3, 1, 1, 1, 0, 0,
   (7727): 1, 1, 4, 1, 5, 0, 1, 0, 3, 3, 4, 4, 3, 2, 4, 4, 2, 5, 2, 1, 1, 5,
   (7749): 1, 2, 3, 1, 2, 0, 4, 0, 3, 0, 0, 1, 4, 2, 3, 3, 0, 5, 1, 0, 4, 0,
   (7771): 3, 3, 2, 2, 3, 0, 2, 0, 3, 3, 0, 3, 2, 1, 4, 2, 1, 4, 4, 1, 5, 2,
   (7793): 1, 1, 3, 3, 0, 1, 4, 2, 3, 3, 2, 0, 4, 0, 0, 0, 2, 1, 3, 2, 4, 1,
   (7815): 1, 1, 1, 4, 2, 1, 0, 1, 2, 5, 2, 3, 2, 0, 0, 1, 2, 0, 4, 2, 2, 0,
   (7837): 2, 1, 1, 4, 2, 2, 0, 1, 0, 0, 1, 0, 4, 0, 1, 1, 1, 0, 1, 3, 1, 0,
   (7859): 0, 1, 0, 1, 4, 0, 0, 1, 3, 4, 2, 1, 2, 1, 2, 2, 0, 4, 0, 3, 0, 0,
   (7881): 2, 1, 1, 0, 6, 0, 1, 0, 1, 2, 1, 1, 4, 2, 0, 2, 1, 5, 2, 0, 4, 0,
   (7903): 0, 0, 2, 4, 3, 3, 1, 1, 0, 4, 1, 0, 3, 3, 2, 1, 0, 4, 1, 2, 2, 0,
   (7925): 3, 1, 3, 1, 4, 1, 2, 2, 4, 0, 2, 1, 2, 4, 3, 0, 4, 1, 1, 0, 0, 0,
   (7947): 1, 0, 1, 3, 0, 4, 2, 1, 0, 2, 0, 4, 1, 2, 0, 4, 0, 5, 1, 1, 3, 4,
   (7969): 0, 2, 2, 4, 4, 3, 4, 0, 2, 0, 3, 0, 1, 4, 0, 3, 2, 1, 3, 2, 2, 1,
   (7991): 0, 0, 4, 0, 3, 4, 4, 0, 0, 0, 2, 1, 2, 0, 3, 1, 0, 1, 1, 2, 0, 0,
   (8013): 5, 1, 2, 5, 2, 1, 0, 5, 1, 4, 4, 1, 4, 1, 2, 0, 1, 0, 1, 1, 2, 2,
   (8035): 0, 4, 3, 0, 4, 2, 0, 1, 3, 4, 0, 4, 2, 0, 2, 3, 0, 3, 3, 0, 4, 0,
   (8057): 0, 3, 1, 0, 2, 0, 3, 0, 1, 2, 3, 1, 3, 1, 0, 3, 3, 0, 2, 5, 0, 2,
   (8079): 1, 0, 1, 0, 3, 2, 2, 0, 2, 2, 1, 2, 4, 1, 2, 3, 1, 0, 2, 4, 2, 0,
   (8101): 0, 0, 2, 1, 2, 3, 2, 4, 0, 2, 1, 2, 2, 3, 2, 4, 4, 3, 2, 1, 2, 0,
   (8123): 0, 0, 0, 2, 2, 2, 1, 1, 2, 0, 3, 2, 2, 0, 3, 4, 2, 2, 1, 4, 1, 5,
   (8145): 1, 0, 1, 1, 4, 2, 3, 1, 1, 3, 1, 4, 1, 2, 4, 2, 1, 1, 0, 0, 1, 3,
   (8167): 0, 3, 4, 1, 2, 0, 2, 0, 3, 2, 3, 1, 1, 0, 2, 4, 5, 1, 2, 1, 4, 5,
   (8189): 2, 0, 3, 0, 6, 0, 2, 1, 2, 1, 4, 0, 0, 0, 1, 1, 0, 1, 4, 1, 0, 3,
   (8211): 1, 2, 3, 1, 2, 1, 0, 0, 5, 3, 0, 0, 1, 2, 3, 0, 0, 1, 2, 2, 3, 1,
   (8233): 2, 1, 1, 4, 1, 0, 4, 1, 2, 2, 2, 2, 0, 0, 1, 2, 1, 1, 0, 0, 1, 0,
   (8255): 3, 2, 3, 2, 0, 1, 1, 4, 2, 1, 0, 2, 0, 2, 2, 4, 3, 4, 1, 3, 0, 1,
   (8277): 1, 0, 1, 2, 3, 0, 0, 4, 2, 2, 3, 1, 2, 0, 6, 5, 1, 0, 2, 1, 2, 0,
   (8299): 4, 1, 2, 0, 1, 1, 3, 1, 0, 2, 0, 3, 1, 0, 1, 3, 3, 0, 2, 0, 3, 2,
   (8321): 0, 8, 0, 1, 3, 3, 4, 0, 0, 1, 0, 0, 0, 4, 0, 2, 1, 0, 4, 1, 0, 0,
   (8343): 2, 0, 3, 3, 0, 1, 0, 1, 3, 2, 1, 3, 0, 2, 3, 2, 1, 2, 3, 3, 0, 4,
   (8365): 2, 2, 0, 3, 0, 0, 2, 2, 2, 2, 4, 0, 3, 1, 0, 2, 2, 2, 2, 1, 1, 0,
   (8387): 0, 1, 2, 1, 1, 3, 4, 3, 1, 0, 0, 3, 2, 3, 0, 1, 0, 1, 2, 4, 1, 4,
   (8409): 1, 2, 4, 2, 3, 1, 2, 1, 3, 4, 0, 2, 2, 1, 3, 5, 0, 2, 4, 0, 0, 3,
   (8431): 1, 0, 2, 2, 0, 3, 2, 0, 2, 3, 0, 3, 2, 0, 1, 0, 5, 1, 1, 0, 4, 2,
   (8453): 0, 3, 1, 3, 3, 0, 3, 2, 1, 4, 1, 3, 4, 3, 0, 0, 1, 2, 2, 0, 1, 4,
   (8475): 1, 2, 3, 1, 4, 0, 2, 4, 2, 4, 0, 0, 4, 1, 0, 3, 1, 3, 0, 2, 2, 0,
   (8497): 1, 1, 2, 2, 2, 0, 1, 5, 4, 0, 0, 0, 2, 2, 3, 1, 1, 1, 0, 1, 0, 1,
   (8519): 1, 1, 0, 1, 0, 3, 0, 3, 1, 1, 2, 0, 3, 4, 0, 0, 1, 2, 3, 2, 1, 5,
   (8541): 1, 1, 4, 0, 5, 1, 2, 2, 0, 0, 0, 3, 0, 0, 0, 0, 4, 2, 3, 1, 1, 1,
   (8563): 3, 1, 4, 1, 4, 0, 1, 0, 4, 1, 1, 3, 1, 4, 1, 3, 1, 2, 4, 0, 0, 3,
   (8585): 0, 1, 4, 1, 2, 3, 2, 1, 2, 0, 0, 0, 2, 1, 4, 3, 0, 2, 1, 0, 2, 0,
   (8607): 1, 1, 1, 1, 3, 4, 0, 1, 2, 4, 2, 2, 2, 0, 3, 2, 0, 4, 0, 1, 2, 2,
   (8629): 1, 3, 4, 5, 0, 1, 3, 1, 0, 2, 0, 3, 1, 3, 5, 1, 3, 3, 1, 3, 1, 0,
   (8651): 1, 0, 4, 0, 1, 0, 0, 2, 5, 4, 2, 3, 0, 4, 1, 1, 2, 3, 3, 2, 0, 0,
   (8673): 1, 4, 2, 3, 1, 1, 2, 0, 1, 2, 2, 0, 2, 3, 1, 0, 4, 2, 0, 1, 2, 1,
   (8695): 0, 4, 1, 3, 3, 3, 1, 1, 0, 1, 4, 2, 3, 1, 3, 4, 0, 0, 0, 0, 2, 1,
   (8717): 3, 0, 0, 4, 1, 0, 5, 4, 2, 3, 3, 0, 3, 1, 2, 0, 1, 4, 2, 1, 2, 2,
   (8739): 3, 1, 0, 0, 2, 2, 0, 4, 4, 6, 1, 3, 0, 3, 4, 0, 5, 0, 2, 0, 2, 4,
   (8761): 1, 3, 5, 0, 3, 2, 5, 3, 2, 1, 0, 4, 4, 2, 3, 1, 1, 0, 0, 0, 0, 1,
   (8783): 3, 3, 1, 0, 2, 3, 3, 1, 3, 3, 1, 1, 1, 2, 3, 2, 0, 2, 2, 2, 3, 3,
   (8805): 0, 4, 2, 0, 0, 5, 4, 0, 3, 1, 1, 2, 1, 4, 2, 2, 0, 3, 3, 1, 0, 0,
   (8827): 3, 1, 2, 3, 4, 0, 0, 0, 2, 3, 3, 5, 4, 2, 0, 3, 0, 3, 0, 0, 4, 1,
   (8849): 2, 1, 0, 1, 1, 0, 3, 0, 1, 3, 1, 0, 2, 3, 2, 3, 3, 3, 2, 0, 2, 3,
   (8871): 2, 2, 0, 3, 0, 2, 0, 0, 4, 1, 5, 3, 4, 4, 1, 4, 1, 2, 0, 0, 1, 1,
   (8893): 1, 3, 2, 1, 1, 1, 2, 1, 1, 1, 1, 1, 2, 0, 3, 1, 3, 2, 3, 0, 0, 4,
   (8915): 4, 4, 3, 1, 2, 2, 4, 3, 0, 2, 2, 1, 3, 2, 1, 2, 2, 7, 0, 5, 0, 2,
   (8937): 1, 0, 1, 3, 1, 3, 0, 1, 3, 1, 2, 1, 0, 0, 0, 1, 0, 2, 4, 3, 0, 2,
   (8959): 0, 1, 0, 6, 3, 3, 3, 3, 1, 2, 3, 3, 2, 4, 0, 2, 0, 1, 1, 4, 2, 5,
   (8981): 2, 3, 2, 3, 2, 1, 6, 4, 1, 0, 2, 0, 1, 2, 3, 0, 2, 1, 2, 0, 0, 4,
   (9003): 1, 1, 0, 2, 0, 4, 1, 5, 3, 1, 4, 3, 0, 0, 1, 0, 2, 3, 3, 4, 1, 3,
   (9025): 0, 0, 1, 3, 1, 2, 0, 1, 4, 2, 2, 1, 0, 3, 0, 5, 0, 1, 1, 0, 1, 4,
   (9047): 2, 0, 2, 1, 3, 0, 0, 4, 3, 0, 2, 4, 0, 2, 1, 1, 0, 2, 1, 1, 2, 3,
   (9069): 2, 3, 3, 0, 1, 1, 4, 3, 1, 0, 2, 5, 2, 2, 3, 2, 0, 0, 4, 2, 2, 1,
   (9091): 2, 1, 2, 0, 0, 1, 0, 2, 2, 4, 0, 0, 3, 0, 2, 2, 1, 1, 0, 3, 1, 3,
   (9113): 0, 0, 2, 0, 6, 2, 5, 2, 1, 4, 4, 0, 3, 3, 1, 4, 0, 1, 3, 4, 1, 0,
   (9135): 1, 1, 1, 0, 2, 1, 0, 0, 2, 2, 0, 1, 0, 1, 4, 2, 3, 3, 0, 0, 2, 0,
   (9157): 1, 1, 0, 1, 1, 4, 0, 1, 2, 0, 0, 2, 2, 2, 1, 4, 1, 0, 2, 4, 0, 2,
   (9179): 1, 3, 0, 1, 2, 1, 1, 1, 2, 2, 3, 0, 0, 0, 2, 2, 2, 4, 0, 2, 0, 0,
   (9201): 5, 2, 0, 4, 3, 2, 4, 0, 0, 2, 1, 2, 3, 1, 2, 1, 2, 0, 3, 2, 1, 0,
   (9223): 2, 3, 0, 3, 0, 1, 0, 0, 2, 1, 4, 2, 1, 1, 1, 0, 5, 4, 0, 2, 2, 0,
   (9245): 0, 2, 3, 0, 3, 5, 4, 3, 2, 0, 1, 0, 2, 0, 2, 2, 0, 1, 2, 4, 4, 1,
   (9267): 1, 0, 2, 2, 1, 1, 0, 1, 4, 1, 0, 1, 0, 3, 0, 0, 0, 0, 3, 1, 0, 6,
   (9289): 0, 1, 2, 1, 1, 3, 5, 3, 1, 2, 0, 0, 4, 3, 1, 0, 0, 3, 2, 3, 0, 6,
   (9311): 3, 0, 4, 0, 5, 3, 3, 5, 3, 0, 2, 2, 1, 2, 0, 4, 3, 0, 1, 3, 3, 4,
   (9333): 1, 0, 2, 1, 1, 4, 2, 1, 4, 2, 5, 5, 3, 0, 5, 1, 4, 0, 1, 1, 4, 2,
   (9355): 0, 3, 3, 5, 2, 1, 1, 0, 0, 2, 1, 2, 1, 0, 0, 0, 1, 1, 4, 3, 3, 0,
   (9377): 4, 0, 3, 2, 0, 3, 0, 1, 3, 2, 2, 4, 0, 3, 0, 0, 2, 0, 0, 3, 1, 3,
   (9399): 3, 6, 1, 3, 4, 0, 2, 1, 0, 3, 4, 4, 2, 4, 2, 0, 4, 0, 4, 0, 0, 4,
   (9421): 0, 2, 2, 1, 2, 0, 3, 0, 0, 2, 2, 1, 0, 2, 1, 1, 2, 1, 4, 4, 4, 1,
   (9443): 5, 4, 3, 0, 1, 0, 3, 0, 3, 2, 3, 0, 0, 2, 0, 1, 1, 2, 0, 0, 0, 1,
   (9465): 2, 1, 2, 0, 1, 3, 3, 2, 1, 3, 1, 1, 0, 0, 2, 0, 0, 2, 2, 3, 4, 1,
   (9487): 4, 2, 6, 2, 2, 2, 3, 0, 0, 3, 1, 1, 0, 0, 2, 0, 5, 3, 2, 2, 0, 0,
   (9509): 3, 0, 1, 1, 0, 1, 0, 2, 4, 4, 4, 0, 3, 2, 0, 0, 3, 4, 1, 1, 0, 1,
   (9531): 0, 0, 4, 3, 0, 2, 2, 5, 1, 0, 1, 3, 0, 1, 2, 1, 0, 0, 1, 1, 4, 3,
   (9553): 0, 0, 4, 2, 0, 4, 1, 3, 0, 4, 1, 0, 2, 3, 1, 0, 0, 3, 3, 4, 2, 1,
   (9575): 2, 2, 2, 5, 1, 0, 0, 1, 1, 1, 3, 2, 1, 0, 0, 1, 0, 0, 1, 4, 1, 3,
   (9597): 3, 1, 0, 3, 3, 2, 2, 3, 2, 3, 3, 3, 0, 4, 1, 1, 2, 0, 0, 2, 2, 2,
   (9619): 4, 3, 2, 0, 1, 2, 2, 3, 4, 1, 1, 2, 0, 2, 3, 1, 0, 1, 1, 1, 2, 2,
   (9641): 0, 0, 0, 0, 1, 0, 1, 0, 1, 2, 3, 0, 1, 0, 3, 1, 2, 3, 0, 2, 3, 0,
   (9663): 6, 2, 1, 2, 0, 0, 1, 1, 2, 2, 2, 3, 0, 0, 2, 1, 3, 2, 2, 1, 3, 2,
   (9685): 2, 3, 1, 0, 1, 1, 2, 1, 0, 0, 4, 4, 3, 2, 0, 2, 5, 0, 4, 3, 1, 1,
   (9707): 0, 0, 2, 2, 1, 4, 1, 0, 3, 3, 5, 4, 3, 0, 0, 1, 2, 2, 4, 2, 2, 2,
   (9729): 0, 0, 1, 2, 0, 1, 2, 4, 0, 3, 2, 0, 3, 2, 3, 0, 4, 2, 2, 3, 3, 3,
   (9751): 4, 1, 0, 0, 1, 2, 6, 2, 4, 1, 2, 3, 4, 4, 2, 4, 1, 2, 0, 1, 4, 3,
   (9773): 1, 0, 0, 4, 4, 1, 0, 2, 3, 0, 0, 2, 0, 3, 3, 1, 1, 1, 2, 2, 1, 3,
   (9795): 0, 2, 2, 3, 3, 3, 1, 2, 4, 3, 2, 2, 3, 3, 0, 0, 3, 3, 3, 0, 2, 4,
   (9817): 0, 0, 4, 3, 1, 2, 3, 3, 1, 3, 4, 2, 1, 0, 2, 0, 3, 4, 0, 1, 0, 0,
   (9839): 5, 0, 4, 0, 1, 3, 2, 1, 4, 1, 0, 0, 5, 2, 0, 4, 0, 0, 0, 3, 1, 0,
   (9861): 3, 1, 6, 1, 0, 1, 2, 1, 3, 1, 2, 2, 1, 0, 2, 4, 2, 1, 4, 4, 1, 1,
   (9883): 3, 2, 1, 3, 3, 3, 0, 0, 1, 0, 1, 3, 0, 2, 1, 3, 2, 2, 3, 3, 0, 2,
   (9905): 1, 2, 0, 3, 0, 5, 0, 2, 1, 2, 0, 3, 1, 0, 5, 2, 2, 2, 3, 3, 1, 1,
   (9927): 2, 4, 2, 2, 0, 3, 4, 3, 3, 2, 1, 2, 1, 4, 1, 4, 0, 1, 1, 1, 2, 4,
   (9949): 1, 1, 3, 2, 2, 2, 3, 4, 1, 6, 1, 1, 0, 3, 2, 3, 1, 2, 3, 3, 2, 2,
   (9971): 0, 0, 0, 1, 0, 1, 2, 0, 1, 1, 0, 3, 0, 0, 1, 4, 0, 1, 2, 1, 1, 1,
   (9993): 2, 4, 0, 0, 0, 0, 1
   }
}
}
